   0.0000000000000000     
  0.17603952707755233     
  0.64077524310598055     
  0.97989185638172582     
   1.1175391733252849     
   1.4608279073632593     
   1.5210414048739229     
   1.8904866888929244     
   1.5819465983565861     
   1.6437923402663417     
   1.6834659088035240     
   1.7736991906523722     
   1.8148738928221824     
   1.8242933323360400     
   1.8014024527568884     
   1.6367389768076153     
   1.7092591962236041     
   1.4692264690337984     
   1.8025611246407474     
   1.6382648190686244     
   1.6891868099186111     
   1.8423095947790566     
   1.7097192564640249     
   1.7879823914658761     
   1.7963465948695383     
   1.6322900289412390     
   1.7024585540287538     
   1.8281854957315113     
   1.8842411525299230     
   1.9082079535783829     
   1.5653373131678785     
   1.6658138009940411     
   1.5746990629292104     
   1.6246369987398108     
   1.7609278679677001     
   1.6662910085885603     
   1.6285000746324054     
   1.6627956148217433     
   1.5864933664204517     
   1.6224373769857707     
   1.8022136725186955     
   1.7065881979159261     
   1.6571421924815692     
   1.5358730561144789     
   1.6632391416492269     
   1.8176547438006345     
   1.5780436821978043     
   1.7980824815064416     
   1.6426414523290676     
   1.6107407313837241     
   1.7827406240575210     
   1.8929101743997458     
   1.7648817164757415     
   1.6143637372069439     
   1.7444768684398586     
   1.7368238948936547     
   1.5728428160655967     
   1.6632590615278176     
   1.7548880679748329     
   1.6172896293008865     
   1.6597933251602108     
   1.7106125942139940     
   1.7073932198968240     
   1.6086185176848291     
   1.6704039745203620     
   1.7201233000856195     
   1.8335570606707683     
   1.7406395895159550     
   1.7175614374381474     
   1.4803225192696299     
   1.6934901420674389     
   1.7813072019108802     
   1.4702215023458658     
   1.6332940989459610     
   2.0092051682723611     
   1.7277990916252151     
   1.6126381191468373     
   1.7045951260907750     
   1.7557635567607182     
   1.6504945024728144     
   1.6721645002551038     
   1.6694318255412650     
   1.7927536284582188     
   1.6285697432704334     
   1.6148534852456611     
   1.6224710431720653     
   1.8110950041108573     
   1.7156591384793554     
   1.6920576391535695     
   1.8688361540254095     
   1.7540913274356300     
   1.6227499184362177     
   1.6520113139637811     
   1.5331811711807068     
   1.6732485752025288     
   1.6777913856864566     
   1.7402092416624011     
   1.7358876265936782     
   1.6167402057094891     
   1.7364020089215497     
   1.6732938567187308     
   1.7880696463653529     
   1.6310798848096122     
   1.6361596265517007     
   1.7936134375361017     
   1.6799692376344426     
   1.7391521679230628     
   1.8244823850169589     
   1.4936232377393570     
   1.4541746606520449     
   1.5145423123777584     
   1.6550107139047869     
   1.7276543818221344     
   1.7663449868501548     
   1.6127086879203125     
   1.5487638878137480     
   1.7441830997188810     
   1.7323233747746067     
   1.8473900717974612     
   1.7072088289168175     
   1.6568794029145675     
   1.7339541449384550     
   1.6908144313716360     
   1.6289360285005487     
   1.7452909330642412     
   1.6109543879164523     
   1.7496059503124566     
   1.7513964413472491     
   2.0068323840040971     
   1.6876788337888975     
   1.6192267378486074     
   1.7517904543048908     
   1.6563269326013081     
   1.7406686561743940     
   1.7228987308895469     
   1.6892033223706200     
   1.7026420843016266     
   1.5131346762667603     
   1.7205826733078311     
   1.6996200304368969     
   1.8233552300434814     
   1.8512842578976607     
   1.6735179805349416     
   1.7703817279618688     
   1.8991553251901208     
   1.7057605672495115     
   1.9013154384679920     
   1.8270441922612166     
   1.6422623318761589     
   1.5962984816101669     
   1.7266774550774979     
   1.6123060090866237     
   1.6130163407199722     
   1.7385488461983261     
   1.5644074601854663     
   1.6757763704045132     
   1.6747995532503777     
   1.7338178470765557     
   1.5433370455852322     
   1.6691856183950222     
   1.5091159179232505     
   1.8025740860802255     
   1.7830574726556028     
   1.7913910363742247     
   1.7991559946264972     
   1.7024247535104886     
   1.6951985061856820     
   1.6038716169923073     
   1.8060993762667026     
   1.8679526775490958     
   1.6701204901961737     
   1.7355147953746755     
   1.7039706341688337     
   1.7548958788293949     
   1.7899076349401346     
   1.5741991026741589     
   1.7130358064466520     
   1.8552656771195648     
   1.7851217970250470     
   1.6882603132843335     
   1.8612656547536115     
   1.6340111353745514     
   1.6871535123115557     
   1.6906384073589620     
   1.6471244060825085     
   1.6721650329541609     
   1.7063452087614246     
   1.7399943055486855     
   1.6043773806875727     
   1.7529592227556998     
   1.7407126805267548     
   1.9128915377224112     
   1.6904249518723402     
   1.7963732194775779     
   1.7053135380884279     
   1.7315786032356040     
   1.6324724326204518     
   1.4998481517556448     
   1.7499776670426594     
   1.8788172091185875     
   1.7340384300816452     
   1.8731329749997601     
   1.8093098338797515     
   1.8508226997223722     
   1.7491011127347540     
   1.7044147452262783     
   1.6485656440377949     
   1.7420080459648344     
   1.8646644481643455     
   1.8475665755732655     
   1.8380051372169295     
   1.8126740895174018     
   1.6430807715709705     
   1.5704630875292227     
   1.6375101363998430     
   1.7172523313107346     
   1.5094901100091123     
   1.7047182301993058     
   1.6718982018050088     
   1.7180169263622025     
   1.8232965475160938     
   1.7281351776648308     
   1.8735223825856466     
   1.6891341138434774     
   1.7427310992403180     
   1.7466084803404569     
   1.7463473332447423     
   1.5887794985443147     
   1.7057752624688589     
   1.6012545746416920     
   1.6674244621018379     
   1.6103031948857107     
   1.7840586069608766     
   1.7239391118076366     
   1.8436660861258414     
   1.7300871510262570     
   1.7811192123399548     
   1.8195685183736927     
   1.5929900017210894     
   1.7843595670122676     
   1.7082194628513592     
   1.8318422536447911     
   1.8600151993051062     
   1.8716420321163667     
   1.6877432079611796     
   1.6978337575225626     
   1.8217849176262075     
   1.5971032808262118     
   1.6548881686328698     
   1.6758537267850186     
   1.6221740922629466     
   1.8777375282708737     
   1.7950958872315779     
   1.8640425106101306     
   1.6433467558368977     
   1.7972719871162759     
   1.7815905750258094     
   1.7211417515142373     
   1.8379316333815507     
   1.6331972733531415     
   1.9816044113746714     
   1.8253700519873677     
   1.9447672770118312     
   1.5594266968681261     
   1.6406748545826921     
   1.7299724369332816     
   1.8601634448634417     
   1.7330841358865359     
   1.8271627830680439     
   1.6455498320510644     
   1.7445837195744702     
   1.5788718066738974     
   1.7852346753085029     
   1.6958971456298539     
   1.8978264397944284     
   1.8459793528590858     
   1.6030368471608047     
   1.7778897736362702     
   1.5399301465502941     
   1.6793416092032674     
   1.7424469428215759     
   1.7562644253939337     
   1.6729448726771587     
   1.7291474225327175     
   1.6938897227380436     
   1.8097609405503101     
   1.7162378958733644     
   1.8630987239302346     
   1.9119663003960290     
   1.7712927980944666     
   1.6244356755171414     
   1.5586097019061667     
   1.7115308430294258     
   1.8753843771471874     
   1.7478320820806201     
   1.7396990229582070     
   1.8208184605767086     
   1.8752735665178604     
   1.8694797006116788     
   1.6509728386039038     
   1.6553539720229367     
   1.7675035766718112     
   1.7413995305917216     
   1.7010511722665445     
   1.6592772255496611     
   1.7676327960495066     
   1.8198313515977809     
   1.6089188423110488     
   1.7820132107622266     
   1.9997783593347080     
   1.7740296513834617     
   1.7901113727510527     
   1.9188411517937023     
   1.6281862794065676     
   1.6502422072103566     
   1.7810964281606356     
   1.7978787436921881     
   1.7305534233784132     
   1.5968047961350145     
   1.5832872739991140     
   1.5667080442625598     
   1.8318256878060297     
   1.6439830195987450     
   1.7426556323655404     
   1.7881666063443040     
   1.9388325953787255     
   1.7075081489509734     
   1.6463983193909730     
   1.6230802682615098     
   1.8388678893319437     
   1.6582753716260261     
   1.6098058668643012     
   1.7319521818579870     
   1.7967499634082664     
   1.7668743940839182     
   1.6302019907658787     
   1.8977252761937107     
   1.7932468117357891     
   1.8288686550271918     
   1.8244674165633357     
   1.7947610001110839     
   1.7460418190997486     
   1.6527635649226942     
   1.6182774819126702     
   1.7433145216352535     
   1.4432302279705556     
   1.7495995347356192     
   1.6419324607230172     
   1.6169604352686873     
   1.6101931880369342     
   1.7495354719747607     
   1.8065645101827867     
   1.8152347761996068     
   1.7264614731248480     
   1.7229127662749111     
   1.7659217125356941     
   1.8155071883046423     
   1.7452430411573920     
   1.7037954346759427     
   1.7416010151557790     
   1.8449864893477832     
   1.6821733239852135     
   1.9204920327657555     
   1.6823176856336195     
   1.6484665218977113     
   1.5730764622575157     
   1.6381793789634163     
   1.8379218619658118     
   1.6571152477953499     
   1.8217536050381100     
   1.6302363911594537     
   1.7242827058373598     
   1.6926712137415023     
   1.7031346965060434     
   1.8933697950243424     
   1.8008191948067496     
   1.7587353276501394     
   1.8654849387803136     
   1.6640686929597064     
   1.7722703468674752     
   1.8053197522261852     
   1.7912672178978235     
   1.5863700264742742     
   1.5789587376810723     
   1.6581570801391186     
   1.7149623239963527     
   1.6928665709759949     
   1.7561746079211886     
   1.6783965499697682     
   1.7662774798937457     
   1.7766390289492775     
   1.5737124449908944     
   1.8343400645911343     
   1.8001736588594854     
   1.7005041526977693     
   1.7107453252520399     
   1.9173622405771995     
   1.9547958502513616     
   1.8029574657419036     
   1.7473958376500724     
   1.7168128201336534     
   1.8722338703727133     
   2.0027280714217888     
   1.8046553773823029     
   1.8233694187238609     
   1.7268572810411993     
   1.9062603912643068     
   1.7897574473493782     
   1.8193327221974533     
   1.7253556279722921     
   1.9021853987330937     
   1.6959479671590678     
   1.6636370542869898     
   1.5250401156236031     
   1.7621899120614155     
   1.5859226976725465     
   1.7543503852882376     
   1.7159066204061071     
   1.6582823893145930     
   1.7683928780540170     
   1.6332128117698310     
   1.8144266583282396     
   1.7387118865697677     
   1.8521596960682574     
   2.0489457848900092     
   1.8523457927989795     
   1.7633175945772575     
   1.8226440974675358     
   1.6588898046226181     
   1.6837674661508664     
   1.8045200729235231     
   1.6748903225695726     
   1.7981030988044209     
   1.8846940901685336     
   1.6934204260209098     
   1.8351846883830079     
   1.6182352958253756     
   1.6420402658708424     
   1.6801933745101716     
   1.7698067004182962     
   1.7786377739374752     
   1.6341432390000092     
   1.7631765892123346     
   1.7792725500835527     
   1.9287468086423303     
   1.6703668853301659     
   1.8070791066541358     
   1.7319048235976455     
   1.7082540253468574     
   1.6703009680343279     
   1.6961056661328642     
   1.6764687663174045     
   1.6355604674237816     
   1.7670358588715045     
   1.8381049080432201     
   1.5807213677958591     
   1.7102076409109559     
   1.8338580634631894     
   1.9390366370953420     
   1.7402808412209454     
   1.8862811469688041     
   1.8154834896385137     
   1.7843943936212017     
   1.7306350331125198     
   1.7313787275404118     
   1.7051931537169414     
   1.6168968636447996     
   1.7892024721905440     
   1.8212433297649566     
   1.5744698273433835     
   1.8010536222517413     
   1.7804786708192599     
   1.6732806867416625     
   1.8784010077575990     
   1.8150551464427169     
   1.7157301914152356     
   1.6559050228162500     
   1.7324778646859182     
   1.7849235671930754     
   1.7441642855860748     
   1.5260249049059160     
   1.6413307028460944     
   1.7507897737368519     
   1.8501351611705199     
   1.6896879950002686     
   1.7425208167742394     
   1.6887695389784991     
   1.7321767962042318     
   1.7264850807270544     
   1.8018545584959962     
   1.8073164525596648     
   1.7991920569594178     
   1.7144954255888281     
   1.7407969581268488     
   1.6552081962547502     
   1.5781048882308644     
   1.6844495347045987     
   1.6815357648915115     
   1.7475843449723565     
   1.6302818247650068     
   1.5863709859537751     
   1.7514881483854827     
   1.5571759189199574     
   1.6224962156774039     
   1.6115358665022854     
   1.6689618179165411     
   1.8264899761506337     
   1.8093663272118348     
   1.9249926146367868     
   1.7825093506609810     
   1.8114933938507227     
   1.6886751149104557     
   1.6799131449679756     
   1.6786029522589592     
   1.5324347375529666     
   1.7340501798962973     
   1.8436871820387828     
   1.6829758354982318     
   1.4931028516189535     
   1.6406054799966001     
   1.7530448297217114     
   1.6878315595766828     
   1.5410359300650793     
   1.7302258256969867     
   1.5700812980545085     
   1.8234993859991380     
   1.8198947174123470     
   1.7207297654585765     
   1.9208581104051978     
   1.7348831112723504     
   1.5182890411006944     
   1.6872993751860785     
   1.7807214128996014     
   1.8570098797578476     
   1.8033406112086756     
   1.7934649126415327     
   1.7888265902824498     
   1.5380449964993277     
   1.7049125141505257     
   1.5840393706608800     
   1.8200544178325309     
   1.5174290916166697     
   1.7887524285397680     
   1.8968774694825123     
   1.6863630580894962     
   1.5807443389412592     
   1.7224585018351637     
   1.5863886545923558     
   1.7458387041365742     
   1.9596549578239659     
   1.9172769470808322     
   1.8996495329173186     
   1.6906554318357825     
   1.7469181021971272     
   1.8008195258240884     
   1.9012533658601867     
   1.7268707911680825     
   1.7625032103352867     
   1.7308004038555698     
   1.7948729638487713     
   1.6739994715919393     
   1.5909469355344075     
   1.7615062878736072     
   1.6815114815106846     
   1.7382845653143952     
   1.7070232995108010     
   1.6621532627707367     
   1.6409193771666861     
   1.6488024229652547     
   1.6779575680559489     
   1.6118073144385923     
   1.8478766001102378     
   1.6709872996663186     
   1.6101688958834930     
   2.0150502263683809     
   1.7377682254051672     
   1.7262635787974916     
   1.6822588937003959     
   1.6396435169264345     
   1.6030404037838544     
   1.6399174186120979     
   1.6044561132389408     
   1.6832287531074690     
   1.8796990617027256     
   1.7912127030657010     
   1.9217200613568299     
   1.6130120467783335     
   1.5422375716180243     
   1.6722796335368757     
   1.6491584655349072     
   1.6683582800787533     
   1.7277069204666284     
   1.7793532215994501     
   1.8539791863775281     
   1.6942582878505221     
   1.6045337502108750     
   1.8497389675097957     
   1.6481501719637552     
   1.7166931874002453     
   1.8084295787700257     
   1.7224973701619424     
   1.7633026160487011     
   1.9419082925161606     
   1.7102074967719814     
   1.5607038243508322     
   1.6773219939002311     
   1.6258283741204405     
   1.7836296321528788     
   1.5980166619490528     
   1.6346141311957370     
   1.5850069084604808     
   1.6986693389427010     
   1.6794307196317966     
   1.5372495259228691     
   1.7025014319876473     
   1.7000426098616603     
   1.6539861181297972     
   1.6366714675128229     
   1.6837047642798797     
   1.7935210834151278     
   1.5958584758708783     
   1.6959038889307816     
   1.8158693357230928     
   1.7349596497839268     
   1.8320874981258437     
   1.7075128095708920     
   1.6867928591314354     
   1.7344094743690208     
   1.7413580158982129     
   1.7018678248174268     
   1.5841826243433614     
   1.6668818629055526     
   1.5031621864800226     
   1.6929874649260768     
   1.6303918692184596     
   1.7726381744403710     
   1.8002547700388942     
   1.7960065915778480     
   1.8165574994946807     
   1.8344387689823387     
   1.8534385303346830     
   1.5258731426104832     
   1.6264796552061083     
   1.6233538587950251     
   1.8680635339075200     
   1.5974991436542718     
   1.6311308249622880     
   1.8723030985251301     
   1.6599858955898297     
   1.7432982866938525     
   1.7476324441125974     
   1.7117809942697788     
   1.6003864245089865     
   1.6733385272063557     
   1.8382356935745503     
   1.7336985330616679     
   1.7253101657663257     
   1.7796317827712969     
   1.6412004917740506     
   1.5440260249461768     
   1.6592939876046566     
   1.7439817959015658     
   1.7098819444865858     
   1.7924914160925136     
   1.7766445250257048     
   1.6919091005183906     
   1.6175921694414979     
   1.8132926109518586     
   1.6859654398243678     
   1.4794092885617540     
   1.7194959505451759     
   1.6904483495905058     
   1.7141816567466928     
   1.6257792514963991     
   1.7903438710710164     
   1.8369935668432018     
   1.7605474024686012     
   1.7846818190081306     
   1.6963348705102903     
   1.7804303914594628     
   1.6311919016646119     
   1.7286302777144515     
   1.8602292327281758     
   1.7143558569774120     
   1.6528960769385945     
   1.6446475767054793     
   1.8053070294869462     
   1.6267930328949056     
   1.5769192536931169     
   1.9066291124555417     
   1.7463832542997744     
   1.5907972041619507     
   1.6297863585698644     
   1.7684323935930335     
   1.9752023630856916     
   1.7744101078347614     
   1.7098586182093429     
   1.7511724634115398     
   1.7811895394567394     
   1.5484097219561099     
   1.5902242464339325     
   1.8007664869985889     
   1.7334404744139471     
   1.8063470404441653     
   1.5235386983555119     
   1.7124526480748574     
   1.8999807739250343     
   1.8231403245892506     
   1.7971344973896370     
   1.7606477105903156     
   1.7916403382743800     
   1.7176776196949486     
   1.7991590435950278     
   1.6621644192011580     
   1.7206437975157309     
   1.8757837040785350     
   1.7576762090249498     
   1.6393098560906934     
   1.6266402032504179     
   1.7699576603804610     
   1.7306386056027427     
   1.5254268185634960     
   1.6961510293985973     
   1.6594083584601846     
   1.7308402931292401     
   1.6989990349641197     
   1.9192392086922174     
   1.6667612875295681     
   1.4918538868127542     
   1.5855011989814041     
   1.6053761609496768     
   1.7465141982547772     
   1.7617524200508867     
   1.9599629956154274     
   1.6346157060634479     
   1.5540210102694718     
   1.7178425596211677     
   1.4950665253870477     
   1.7177244512004650     
   1.6162631608167759     
   1.6311403558724471     
   1.7805210959163293     
   1.4616725304268630     
   1.7328317147639731     
   1.8031564140356902     
   1.6629904713065498     
   1.6489704778450398     
   1.5956489262592233     
   1.5549881243270849     
   1.6629271447771212     
   1.6199802195697011     
   1.7043353815839768     
   1.8499428892915897     
   1.7303407168337444     
   1.8695676139021711     
   1.6912256741484493     
   1.7010865545399838     
   1.8053240925242622     
   1.6612873995396176     
   1.7152130266968908     
   1.6644502781448245     
   1.6387238786647653     
   1.8201946003312071     
   1.8130759725564722     
   1.7432185419936987     
   1.7654315931492468     
   1.6119887851855990     
   1.7338717488743096     
   1.7813351436736504     
   1.9020940354953872     
   1.7765680780159256     
   1.8052757979293730     
   1.4881927279724896     
   1.5051344779305456     
   1.6154284982549727     
   1.7644435627385104     
   1.5007975909306726     
   1.6118237074954795     
   1.8971288629890029     
   1.5355176000594637     
   1.7319501342592154     
   1.6941166027816277     
   1.6317619075129004     
   1.7589094557839380     
   1.6801758679252869     
   1.7551790618900538     
   1.6751350895808625     
   1.6787251153448364     
   1.8976267056521388     
   1.6292288647764095     
   1.8684523749581643     
   1.7491579139408553     
   1.6324881331835392     
   1.6505662825827669     
   1.7178224113856602     
   1.7717213719616902     
   1.6829462212718991     
   1.6540581487467854     
   1.6776896421856216     
   1.6108810487022089     
   1.7090339895611981     
   1.7936736726935798     
   1.8466907512293214     
   1.5704657206297012     
   1.5916758840325465     
   1.7306864222306664     
   1.8257747732303902     
   1.6851829901194630     
   1.6882896203747446     
   1.6803004727044202     
   1.7054051315917680     
   1.8495019804498893     
   1.7403313396588673     
   1.8274156290661232     
   1.7336099764144131     
   1.6451220579476831     
   1.8331189175716545     
   1.7667641032982393     
   1.7059523414963897     
   1.5097430778919749     
   1.5875426234746095     
   1.8137374278490976     
   1.7637810498759539     
   1.6989016436421922     
   1.6724480849905836     
   1.7977304266557232     
   1.7349347675198203     
   1.7266364352228929     
   1.7690476421520582     
   1.7642375396608601     
   1.7680610840797870     
   1.5865129360593442     
   1.4865174150515494     
   1.7587098014681646     
   1.7839865378902506     
   1.6542002640251730     
   1.7375517349245824     
   1.6576498057649198     
   1.6676192670584717     
   1.7085231158413825     
   1.8097367087809835     
   1.7265006812965955     
   1.7922826452352607     
   2.0060007729568361     
   1.7582823588142720     
   1.6155843042171090     
   1.5704644741300393     
   1.6335759992664043     
   1.6455425485232189     
   1.6912115596694033     
   1.5687439157653054     
   1.7990123838632495     
   1.9211791048619176     
   1.8436053185785299     
   1.7267501334201194     
   1.7364429938403838     
   1.6699599742041780     
   1.8382865631862979     
   1.9784853749246141     
   1.7470190991975931     
   1.7528239634983942     
   1.6502607180910014     
   1.7182710657487701     
   1.6087720993758095     
   1.5771431319821294     
   1.6939951686975427     
   1.8183524636047552     
   1.6956711113364531     
   1.8140614347917512     
   1.7058023550127459     
   1.7989172986292223     
   1.9961982605383375     
   1.6448295719333930     
   1.6626172183143744     
   1.8218632700493278     
   1.8668341280319518     
   1.5688272899304614     
   1.6780292112390389     
   1.8219770940210844     
   1.6911896004023332     
   1.7244979312535011     
   1.7551298988718025     
   1.7331230326738010     
   1.6391044562887112     
   1.6705492502767356     
   1.7796013869479119     
   1.7759299304216900     
   1.8932661803021484     
   1.7268756869436315     
   1.8795514192470126     
   1.8364506565294287     
   1.7962099941864540     
   1.7245135264000271     
   1.7377374622475528     
   1.6573449005965091     
   1.7644613708669696     
   1.6566125603371584     
   1.6946613942099042     
   1.5982378485287967     
   1.8652308422946404     
   1.9282361959401855     
   1.6701085806972871     
   1.8089255641311461     
   1.7920788262986611     
   1.6087708878721692     
   1.6338981261606735     
   1.6614099468460817     
   1.5787042947481247     
   1.7633901516758321     
   1.6538713854365292     
   1.5635818635127723     
   1.7032052772115225     
   1.7361548869409620     
   1.7225681082161952     
   1.8246776919927798     
   1.5916197323954475     
   1.8206455490119300     
   1.7727211482093934     
   1.6981353905751155     
   1.7476142725511026     
   1.7098904517696563     
   1.7984738843100780     
   1.8357130075893775     
   1.8538907642935876     
   1.7874632604497451     
   1.7993045471071145     
   1.6856633222205542     
   1.7725482558161703     
   1.6070592193722384     
   1.7323288178477443     
   1.8484647417242095     
   1.8176099544131206     
   1.7113463984518535     
   1.4668003141257731     
   1.6170969605658576     
   1.7643350040280135     
   1.6718677460717479     
   1.8920640396726029     
   1.7683432747997410     
   1.7455251709240251     
   1.8105941359727944     
   1.5199186463278507     
   1.7026332649536653     
   1.6589969876468831     
   1.6821517612470540     
   1.6090246334143798     
   1.6465080777684371     
   1.7147596480760277     
   1.8321192441823948     
   1.8468841063733161     
   1.8434926554380184     
   1.8394778636348206     
   1.8139753346867227     
   1.5180348647799433     
   1.6972383263262558     
   1.7532858271694383     
   1.8521077107378028     
   1.7340678969018066     
   1.7390035037377340     
   1.8017810329113220     
   1.6032351032386940     
   1.6317101206978113     
   1.7234567556830180     
   1.8646873083831308     
   1.7063193616546477     
   1.8993361004949856     
   1.8345008951833923     
   1.9261274003879230     
   1.8819120064880448     
   1.8269113686762934     
   1.7189821520037529     
   1.7096525257471635     
   1.7764429322011288     
   1.5772342920640401     
   1.7375753104293683     
   1.5745545820783327     
   1.6668306420928671     
   1.8327921370585027     
   1.7275373413450212     
   1.7083012975075098     
   1.7470020794690428     
   1.6935984739671759     
   1.7338613880755560     
   1.5630419822815811     
   1.7761042968759340     
   1.7085439328553029     
   1.6553697722066545     
   1.7558272235035330     
   1.6604618541582075     
   1.8475562426199830     
   1.6648017788692173     
   1.7318400701039556     
   1.7977773180229071     
   1.7207425311101052     
   1.7354672244762717     
   1.7576303934247015     
   1.5667178184299644     
   1.6668771682192651     
   1.8008591718425038     
   1.8076608766929085     
   1.5847326991230131     
